2
15
18
21
23
29
4
12
16
10
12
13
15
15
19
19
7
15
16
3
9
12
14
15
18
18
18
19
19
30
40
46
47
51
59
6
13
19
35
36
36
37
39
59
66
66
5
6
7
8
11
13
6
15
19
5
6
6
7
11
8
5
16
24
25
26
27
28
5
6
7
12
13
17
22
25
26
8
12
13
13
15
26
29
5
9
12
13
27
29
10
17
6
8
4
5
6
14
16
17
17
19
5
6
16
4
5
12
22
22
28
30
4
9
11
15
4
7
17
23
23
14
15
17
17
8
10
13
15
16
21
24
31
11
15
19
20
7
7
3
6
7
7
10
13
2
2
2
5
1
2
2
2
4
2
16
17
19
19
22
25
25
27
8
9
15
21
21
29
37
37
37
38
38
4
5
4
5
5
10
10
11
12
10
10
11
11
12
11
17
20
21
21
24
25
28
5
6
7
12
21
26
10
12
17
24
25
28
28
31
35
40
41
42
42
43
44
44
45
45
8
21
8
10
15
16
21
22
22
22
24
11
13
14
20
20
21
24
24
26
30
30
33
33
43
45
56
9
11
11
13
16
16
17
22
25
9
11
11
13
13
13
14
16
20
7
8
9
5
5
1
7
6
8
4
6
1
4
24
25
26
26
28
29
29
6
7
7
1
1
3
6
13
19
20
11
11
11
22
24
24
1
7
9
11
11
3
3
4
4
4
5
5
8
10
11
13
15
27
29
29
29
30
30
37
37
37
37
43
43
52
54
57
57
60
8
9
9
16
16
16
22
24
24
25
27
27
28
30
31
32
36
37
37
37
38
50
56
58
60
60
61
62
63
65
70
73
74
7
4
6
4
4
7
7
2
11
1
1
6
8
4
5
11
13
15
5
7
6
10
11
5
5
6
9
7
7
7
11
3
6
11
4
4
4
4
6
8
4
8
8
7
10
11
15
4
5
3
7
7
8
9
9
9
3
7
5
4
4
7
9
14
9
9
10
10
10
5
4
4
4
3
8
8
8
3
3
4
13
15
3
7
10
10
14
4
9
18
5
7
10
11
13
4
4
5
7
8
9
12
13
13
4
6
6
4
8
9
9
17
9
9
19
20
22
34
6
7
12
15
15
15
16
5
10
12
24
24
24
25
40
5
14
20
22
23
32
3
3
3
5
7
8
8
9
23
24
26
26
30
36
50
4
9
16
22
24
26
27
27
33
42
60
60
5
10
26
43
6
8
8
8
9
9
10
10
27
29
31
32
32
32
32
38
46
46
4
11
3
5
5
7
9
11
5
5
5
6
12
3
3
4
5
5
5
12
13
14
16
16
21
21
24
24
25
26
26
5
10
11
12
5
4
5
4
5
6
8
8
8
8
11
13
14
14
20
20
20
20
21
22
24
30
30
4
6
6
7
3
16
3
6
12
12
13
14
15
23
26
43
43
44
8
13
14
14
15
17
3
3
3
4
8
9
14
14
23
41
48
10
10
10
12
19
9
9
10
4
4
6
5
5
9
15
20
20
20
21
21
23
27
5
6
9
10
13
17
5
6
6
23
4
6
7
23
12
15
17
5
12
12
17
17
19
19
19
20
20
20
21
22
29
9
24
4
7
14
14
23
24
25
25
8
11
11
11
11
14
17
17
4
5
13
14
14
14
22
23
34
8
8
9
18
18
27
28
28
28
28
29
5
14
15
24
26
26
26
26
26
27
27
30
3
7
12
15
19
19
20
20
20
21
6
5
3
4
6
4
8
7
7
7
